Year	Clutch	HatchlingID	HatchlingNumber	EggMass	IncTemp	MaxIncLength	ScaledDevMaxIncLength	AgeAtTrials	WinterHous	DaysWintHous	SCL2	CW2	PL2	PW2	BD2	NV2	VT2	Mass2	Round	RRTimeSec	LatencySec	ActiveRRTimeSec	RRTimeMin	LatencyMin	ActiveRRTimeMin
2019	1	1	1-1	11.99	32	54	-1.1348	262	Terrestrial	151	34.49	35.47	33.99	28.21	15.79	1.9	9.83	8.1483	1	541	358	183	9.016666667	5.966666667	3.05
2019	1	1	1-1	11.99	32	54	-1.1348	262	Terrestrial	151	34.49	35.47	33.99	28.21	15.79	1.9	9.83	8.1483	2	515	160	355	8.583333333	2.666666667	5.916666667
2019	1	1	1-1	11.99	32	54	-1.1348	262	Terrestrial	151	34.49	35.47	33.99	28.21	15.79	1.9	9.83	8.1483	3	336	1	335	5.6	0.016666667	5.583333333
2019	1	2	1-3	11.7238	24	105	-0.1615	210	Terrestrial	151	32.94	36.07	30.41	27.92	16.35	3.91	11.35	8.1154	1	NA	267	NA	NA	4.45	NA
2019	1	2	1-3	11.7238	24	105	-0.1615	210	Terrestrial	151	32.94	36.07	30.41	27.92	16.35	3.91	11.35	8.1154	2	671	283	388	11.18333333	4.716666667	6.466666667
2019	1	2	1-3	11.7238	24	105	-0.1615	210	Terrestrial	151	32.94	36.07	30.41	27.92	16.35	3.91	11.35	8.1154	3	331	123	208	5.516666667	2.05	3.466666667
2019	1	3	1-5	11.5511	28	68	-0.1555	246	Aquatic	186	42.53	42.59	37.65	31.48	20.49	5.34	11.61	16.7187	1	764	503	261	12.73333333	8.383333333	4.35
2019	1	3	1-5	11.5511	28	68	-0.1555	246	Aquatic	186	42.53	42.59	37.65	31.48	20.49	5.34	11.61	16.7187	2	392	250	142	6.533333333	4.166666667	2.366666667
2019	1	3	1-5	11.5511	28	68	-0.1555	246	Aquatic	186	42.53	42.59	37.65	31.48	20.49	5.34	11.61	16.7187	3	265	199	66	4.416666667	3.316666667	1.1
2019	1	4	1-6	9.8194	30	60	-0.8242	257	Aquatic	214	42.61	43.07	37.09	33.28	20.95	2.02	10.5	17.5311	1	NA	355	NA	NA	5.916666667	NA
2019	1	4	1-6	9.8194	30	60	-0.8242	257	Aquatic	214	42.61	43.07	37.09	33.28	20.95	2.02	10.5	17.5311	2	NA	231	NA	NA	3.85	NA
2019	1	4	1-6	9.8194	30	60	-0.8242	257	Aquatic	214	42.61	43.07	37.09	33.28	20.95	2.02	10.5	17.5311	3	510	376	134	8.5	6.266666667	2.233333333
2019	1	5	1-7	11.7527	26	85	-0.3668	231	Aquatic	214	34.14	35.4	32.46	26.81	16.55	2.61	9.6	9.2239	1	512	442	70	8.533333333	7.366666667	1.166666667
2019	1	5	1-7	11.7527	26	85	-0.3668	231	Aquatic	214	34.14	35.4	32.46	26.81	16.55	2.61	9.6	9.2239	2	315	309	6	5.25	5.15	0.1
2019	1	5	1-7	11.7527	26	85	-0.3668	231	Aquatic	214	34.14	35.4	32.46	26.81	16.55	2.61	9.6	9.2239	3	NA	574	NA	NA	9.566666667	NA
2019	1	6	1-8	10.9147	26	85	-0.6113	233	Terrestrial	151	32.17	34.55	30.24	26	15.79	2.93	10.24	7.7641	1	326	292	34	5.433333333	4.866666667	0.566666667
2019	1	6	1-8	10.9147	26	85	-0.6113	233	Terrestrial	151	32.17	34.55	30.24	26	15.79	2.93	10.24	7.7641	2	752	108	644	12.53333333	1.8	10.73333333
2019	1	6	1-8	10.9147	26	85	-0.6113	233	Terrestrial	151	32.17	34.55	30.24	26	15.79	2.93	10.24	7.7641	3	285	200	85	4.75	3.333333333	1.416666667
2019	2	7	2-2	12.736	30	60	-0.8242	251	Terrestrial	151	35.27	37.09	32.86	29.06	16.05	2.57	11.78	9.3935	1	169	94	75	2.816666667	1.566666667	1.25
2019	2	7	2-2	12.736	30	60	-0.8242	251	Terrestrial	151	35.27	37.09	32.86	29.06	16.05	2.57	11.78	9.3935	2	1019	137	882	16.98333333	2.283333333	14.7
2019	2	7	2-2	12.736	30	60	-0.8242	251	Terrestrial	151	35.27	37.09	32.86	29.06	16.05	2.57	11.78	9.3935	3	501	83	418	8.35	1.383333333	6.966666667
2019	2	8	2-4	12.8106	26	85	-0.6113	227	Terrestrial	151	35.89	36.64	33.3	27.05	16.68	2.69	11.97	9.1322	1	5	1	4	0.083333333	0.016666667	0.066666667
2019	2	8	2-4	12.8106	26	85	-0.6113	227	Terrestrial	151	35.89	36.64	33.3	27.05	16.68	2.69	11.97	9.1322	2	96	84	12	1.6	1.4	0.2
2019	2	8	2-4	12.8106	26	85	-0.6113	227	Terrestrial	151	35.89	36.64	33.3	27.05	16.68	2.69	11.97	9.1322	3	77	74	3	1.283333333	1.233333333	0.05
2019	2	9	2-5	13.7422	28	68	-0.4665	242	Aquatic	214	37.47	38.85	36.64	29.62	16.6	1.51	9.95	10.5871	1	742	730	12	12.36666667	12.16666667	0.2
2019	2	9	2-5	13.7422	28	68	-0.4665	242	Aquatic	214	37.47	38.85	36.64	29.62	16.6	1.51	9.95	10.5871	2	784	301	483	13.06666667	5.016666667	8.05
2019	2	9	2-5	13.7422	28	68	-0.4665	242	Aquatic	214	37.47	38.85	36.64	29.62	16.6	1.51	9.95	10.5871	3	1167	386	781	19.45	6.433333333	13.01666667
2019	2	10	2-6	12.1996	24	105	-0.323	206	Aquatic	200	39.25	39.56	34.8	28.52	17.61	4.27	13.51	12.4351	1	385	170	215	6.416666667	2.833333333	3.583333333
2019	2	10	2-6	12.1996	24	105	-0.323	206	Aquatic	200	39.25	39.56	34.8	28.52	17.61	4.27	13.51	12.4351	2	NA	58	NA	NA	0.966666667	NA
2019	2	10	2-6	12.1996	24	105	-0.323	206	Aquatic	200	39.25	39.56	34.8	28.52	17.61	4.27	13.51	12.4351	3	NA	1	NA	NA	0.016666667	NA
2019	3	11	3-1	12.8242	32	54	0	252	Aquatic	214	44.01	43.73	41.37	34.1	22.15	1.91	11.35	20.9503	1	808	289	519	13.46666667	4.816666667	8.65
2019	3	11	3-1	12.8242	32	54	0	252	Aquatic	214	44.01	43.73	41.37	34.1	22.15	1.91	11.35	20.9503	2	948	413	535	15.8	6.883333333	8.916666667
2019	3	11	3-1	12.8242	32	54	0	252	Aquatic	214	44.01	43.73	41.37	34.1	22.15	1.91	11.35	20.9503	3	NA	225	NA	NA	3.75	NA
2019	3	12	3-2	12.7036	26	85	-0.3668	224	Terrestrial	151	34.93	35.63	32.64	29.95	16.44	3.24	10.9	8.8368	1	56	1	55	0.933333333	0.016666667	0.916666667
2019	3	12	3-2	12.7036	26	85	-0.3668	224	Terrestrial	151	34.93	35.63	32.64	29.95	16.44	3.24	10.9	8.8368	2	7	1	6	0.116666667	0.016666667	0.1
2019	3	12	3-2	12.7036	26	85	-0.3668	224	Terrestrial	151	34.93	35.63	32.64	29.95	16.44	3.24	10.9	8.8368	3	3	1	2	0.05	0.016666667	0.033333333
2019	3	13	3-3	13.3475	30	60	0	246	Terrestrial	151	34.61	35.66	33.38	26.64	16.34	2.18	11.04	8.7961	1	342	325	17	5.7	5.416666667	0.283333333
2019	3	13	3-3	13.3475	30	60	0	246	Terrestrial	151	34.61	35.66	33.38	26.64	16.34	2.18	11.04	8.7961	2	260	252	8	4.333333333	4.2	0.133333333
2019	3	13	3-3	13.3475	30	60	0	246	Terrestrial	151	34.61	35.66	33.38	26.64	16.34	2.18	11.04	8.7961	3	92	86	6	1.533333333	1.433333333	0.1
2019	3	14	3-4	12.9516	28	68	-0.1555	239	Aquatic	214	46.26	45.71	40.61	34.15	22.17	3.53	11.86	21.2676	1	139	134	5	2.316666667	2.233333333	0.083333333
2019	3	14	3-4	12.9516	28	68	-0.1555	239	Aquatic	214	46.26	45.71	40.61	34.15	22.17	3.53	11.86	21.2676	2	131	105	26	2.183333333	1.75	0.433333333
2019	3	14	3-4	12.9516	28	68	-0.1555	239	Aquatic	214	46.26	45.71	40.61	34.15	22.17	3.53	11.86	21.2676	3	164	160	4	2.733333333	2.666666667	0.066666667
2019	3	15	3-5	11.7062	30	60	-0.206	247	Aquatic	214	41.24	41.86	37.8	31.18	20.22	3.79	12.62	16.1722	1	62	1	61	1.033333333	0.016666667	1.016666667
2019	3	15	3-5	11.7062	30	60	-0.206	247	Aquatic	214	41.24	41.86	37.8	31.18	20.22	3.79	12.62	16.1722	2	98	96	2	1.633333333	1.6	0.033333333
2019	3	15	3-5	11.7062	30	60	-0.206	247	Aquatic	214	41.24	41.86	37.8	31.18	20.22	3.79	12.62	16.1722	3	305	96	209	5.083333333	1.6	3.483333333
2019	3	16	3-6	13.783	24	105	-0.1615	203	Terrestrial	151	36.41	38.14	33	28.1	16.18	2.63	11.84	10.1794	1	792	1	791	13.2	0.016666667	13.18333333
2019	3	16	3-6	13.783	24	105	-0.1615	203	Terrestrial	151	36.41	38.14	33	28.1	16.18	2.63	11.84	10.1794	2	140	95	45	2.333333333	1.583333333	0.75
2019	3	16	3-6	13.783	24	105	-0.1615	203	Terrestrial	151	36.41	38.14	33	28.1	16.18	2.63	11.84	10.1794	3	NA	13	NA	NA	0.216666667	NA
2019	3	17	3-7	10.3004	28	68	-0.622	242	Terrestrial	151	33.04	32.7	30.79	24.47	14.58	2.1	10.99	6.3699	1	194	107	87	3.233333333	1.783333333	1.45
2019	3	17	3-7	10.3004	28	68	-0.622	242	Terrestrial	151	33.04	32.7	30.79	24.47	14.58	2.1	10.99	6.3699	2	4	1	3	0.066666667	0.016666667	0.05
2019	3	17	3-7	10.3004	28	68	-0.622	242	Terrestrial	151	33.04	32.7	30.79	24.47	14.58	2.1	10.99	6.3699	3	58	55	3	0.966666667	0.916666667	0.05
2019	3	18	3-8	12.1754	32	54	-0.7565	254	Terrestrial	151	34	35.25	32.66	27.65	16.27	1.6	10.92	9.2765	1	99	77	22	1.65	1.283333333	0.366666667
2019	3	18	3-8	12.1754	32	54	-0.7565	254	Terrestrial	151	34	35.25	32.66	27.65	16.27	1.6	10.92	9.2765	2	267	69	198	4.45	1.15	3.3
2019	3	18	3-8	12.1754	32	54	-0.7565	254	Terrestrial	151	34	35.25	32.66	27.65	16.27	1.6	10.92	9.2765	3	85	58	27	1.416666667	0.966666667	0.45
2019	3	19	3-9	11.975	24	105	-0.323	205	Aquatic	200	34.87	36.48	32.98	26.33	16.51	4.45	11.42	9.6144	1	57	51	6	0.95	0.85	0.1
2019	3	19	3-9	11.975	24	105	-0.323	205	Aquatic	200	34.87	36.48	32.98	26.33	16.51	4.45	11.42	9.6144	2	3	1	2	0.05	0.016666667	0.033333333
2019	3	19	3-9	11.975	24	105	-0.323	205	Aquatic	200	34.87	36.48	32.98	26.33	16.51	4.45	11.42	9.6144	3	242	15	227	4.033333333	0.25	3.783333333
2019	3	20	3-10	11.6321	26	85	-0.6113	226	Aquatic	214	36.71	38.49	32.75	27.69	17.32	2.76	11.15	10.5106	1	221	149	72	3.683333333	2.483333333	1.2
2019	3	20	3-10	11.6321	26	85	-0.6113	226	Aquatic	214	36.71	38.49	32.75	27.69	17.32	2.76	11.15	10.5106	2	197	191	6	3.283333333	3.183333333	0.1
2019	3	20	3-10	11.6321	26	85	-0.6113	226	Aquatic	214	36.71	38.49	32.75	27.69	17.32	2.76	11.15	10.5106	3	483	214	269	8.05	3.566666667	4.483333333
2019	4	21	4-1	10.0909	32	54	-1.1348	249	Aquatic	214	38.5	38.7	34.67	29.14	18.05	2.3	9.8	11.6255	1	1006	365	641	16.76666667	6.083333333	10.68333333
2019	4	21	4-1	10.0909	32	54	-1.1348	249	Aquatic	214	38.5	38.7	34.67	29.14	18.05	2.3	9.8	11.6255	2	NA	220	NA	NA	3.666666667	NA
2019	4	21	4-1	10.0909	32	54	-1.1348	249	Aquatic	214	38.5	38.7	34.67	29.14	18.05	2.3	9.8	11.6255	3	NA	221	NA	NA	3.683333333	NA
2019	4	22	4-2	11.0535	30	60	-0.6181	243	Aquatic	214	38.57	38.51	35.02	29.42	17.78	2.66	9.86	11.8188	1	391	136	255	6.516666667	2.266666667	4.25
2019	4	22	4-2	11.0535	30	60	-0.6181	243	Aquatic	214	38.57	38.51	35.02	29.42	17.78	2.66	9.86	11.8188	2	331	329	2	5.516666667	5.483333333	0.033333333
2019	4	22	4-2	11.0535	30	60	-0.6181	243	Aquatic	214	38.57	38.51	35.02	29.42	17.78	2.66	9.86	11.8188	3	145	140	5	2.416666667	2.333333333	0.083333333
2019	4	23	4-4	10.4226	24	105	-0.0808	196	Terrestrial	151	33.31	32.54	30.77	23.52	15.94	2.19	10.52	7.0714	1	NA	26	NA	NA	0.433333333	NA
2019	4	23	4-4	10.4226	24	105	-0.0808	196	Terrestrial	151	33.31	32.54	30.77	23.52	15.94	2.19	10.52	7.0714	2	700	65	635	11.66666667	1.083333333	10.58333333
2019	4	23	4-4	10.4226	24	105	-0.0808	196	Terrestrial	151	33.31	32.54	30.77	23.52	15.94	2.19	10.52	7.0714	3	NA	72	NA	NA	1.2	NA
2019	4	24	4-5	11.0899	28	68	-0.4665	235	Aquatic	214	42.06	42.76	38.95	31.87	20.38	2.61	11.05	15.988	1	40	34	6	0.666666667	0.566666667	0.1
2019	4	24	4-5	11.0899	28	68	-0.4665	235	Aquatic	214	42.06	42.76	38.95	31.87	20.38	2.61	11.05	15.988	2	NA	136	NA	NA	2.266666667	NA
2019	4	24	4-5	11.0899	28	68	-0.4665	235	Aquatic	214	42.06	42.76	38.95	31.87	20.38	2.61	11.05	15.988	3	NA	86	NA	NA	1.433333333	NA
2019	4	25	4-6	10.3178	32	54	-1.513	250	Terrestrial	151	31.95	34.74	30.05	26.51	14.55	1.83	9.02	6.6417	1	338	51	287	5.633333333	0.85	4.783333333
2019	4	25	4-6	10.3178	32	54	-1.513	250	Terrestrial	151	31.95	34.74	30.05	26.51	14.55	1.83	9.02	6.6417	2	524	82	442	8.733333333	1.366666667	7.366666667
2019	4	25	4-6	10.3178	32	54	-1.513	250	Terrestrial	151	31.95	34.74	30.05	26.51	14.55	1.83	9.02	6.6417	3	358	81	277	5.966666667	1.35	4.616666667
2019	4	26	4-7	10.0365	28	68	-0.311	234	Terrestrial	151	32.95	33.4	30.07	24.87	15.23	2.42	10.82	7.458	1	NA	41	NA	NA	0.683333333	NA
2019	4	26	4-7	10.0365	28	68	-0.311	234	Terrestrial	151	32.95	33.4	30.07	24.87	15.23	2.42	10.82	7.458	2	NA	100	NA	NA	1.666666667	NA
2019	4	26	4-7	10.0365	28	68	-0.311	234	Terrestrial	151	32.95	33.4	30.07	24.87	15.23	2.42	10.82	7.458	3	NA	74	NA	NA	1.233333333	NA
2019	4	27	4-8	10.7478	24	105	-0.323	199	Aquatic	186	35.21	35.25	31.86	26.26	16.68	4.26	11.94	9.2058	1	NA	366	NA	NA	6.1	NA
2019	4	27	4-8	10.7478	24	105	-0.323	199	Aquatic	186	35.21	35.25	31.86	26.26	16.68	4.26	11.94	9.2058	3	NA	NA	NA	NA	NA	NA
2019	4	27	4-8	10.7478	24	105	-0.323	199	Aquatic	186	35.21	35.25	31.86	26.26	16.68	4.26	11.94	9.2058	2	NA	NA	NA	NA	NA	NA
2019	4	28	4-9	11.1504	26	85	-0.6113	220	Terrestrial	151	34.2	34.16	32.8	25.38	15.59	2.15	12.96	6.8088	1	49	28	21	0.816666667	0.466666667	0.35
2019	4	28	4-9	11.1504	26	85	-0.6113	220	Terrestrial	151	34.2	34.16	32.8	25.38	15.59	2.15	12.96	6.8088	2	129	31	98	2.15	0.516666667	1.633333333
2019	4	28	4-9	11.1504	26	85	-0.6113	220	Terrestrial	151	34.2	34.16	32.8	25.38	15.59	2.15	12.96	6.8088	3	184	19	165	3.066666667	0.316666667	2.75
2019	5	29	5-1	7.5087	30	60	-1.0302	241	Terrestrial	151	29.23	31.28	26.37	24.29	13.78	1.83	9.55	6.2289	1	NA	135	NA	NA	2.25	NA
2019	5	29	5-1	7.5087	30	60	-1.0302	241	Terrestrial	151	29.23	31.28	26.37	24.29	13.78	1.83	9.55	6.2289	2	137	96	41	2.283333333	1.6	0.683333333
2019	5	29	5-1	7.5087	30	60	-1.0302	241	Terrestrial	151	29.23	31.28	26.37	24.29	13.78	1.83	9.55	6.2289	3	156	84	72	2.6	1.4	1.2
2019	6	31	6-2	11.757	28	68	-0.7774	224	Terrestrial	151	34.06	36.77	33.96	28.01	16.57	1.9	10.47	7.8832	1	205	156	49	3.416666667	2.6	0.816666667
2019	6	31	6-2	11.757	28	68	-0.7774	224	Terrestrial	151	34.06	36.77	33.96	28.01	16.57	1.9	10.47	7.8832	2	611	136	475	10.18333333	2.266666667	7.916666667
2019	6	31	6-2	11.757	28	68	-0.7774	224	Terrestrial	151	34.06	36.77	33.96	28.01	16.57	1.9	10.47	7.8832	3	64	61	3	1.066666667	1.016666667	0.05
2019	6	32	6-4	10.2781	24	105	-0.5653	189	Aquatic	186	33.24	32.56	31.2	23.8	14.97	3.18	9.84	7.8439	1	NA	74	NA	NA	1.233333333	NA
2019	6	32	6-4	10.2781	24	105	-0.5653	189	Aquatic	186	33.24	32.56	31.2	23.8	14.97	3.18	9.84	7.8439	2	NA	66	NA	NA	1.1	NA
2019	6	32	6-4	10.2781	24	105	-0.5653	189	Aquatic	186	33.24	32.56	31.2	23.8	14.97	3.18	9.84	7.8439	3	NA	160	NA	NA	2.666666667	NA
2019	6	33	6-5	11.7117	32	54	-2.2696	239	Terrestrial	151	34.36	35.43	32.93	27.3	15.69	1.26	9.86	8.8095	1	161	50	111	2.683333333	0.833333333	1.85
2019	6	33	6-5	11.7117	32	54	-2.2696	239	Terrestrial	151	34.36	35.43	32.93	27.3	15.69	1.26	9.86	8.8095	2	132	51	81	2.2	0.85	1.35
2019	6	33	6-5	11.7117	32	54	-2.2696	239	Terrestrial	151	34.36	35.43	32.93	27.3	15.69	1.26	9.86	8.8095	3	280	38	242	4.666666667	0.633333333	4.033333333
2019	7	34	7-1	13.6861	24	105	0	182	Aquatic	145	36.47	37.73	34.13	27.26	16.95	3.31	11.5	10.4691	1	142	138	4	2.366666667	2.3	0.066666667
2019	7	34	7-1	13.6861	24	105	0	182	Aquatic	145	36.47	37.73	34.13	27.26	16.95	3.31	11.5	10.4691	2	288	286	2	4.8	4.766666667	0.033333333
2019	7	34	7-1	13.6861	24	105	0	182	Aquatic	145	36.47	37.73	34.13	27.26	16.95	3.31	11.5	10.4691	3	267	179	88	4.45	2.983333333	1.466666667
2019	7	35	7-2	9.7914	28	68	-0.311	221	Terrestrial	151	31.59	33.38	30.06	23.72	15.38	1.48	9.49	6.8941	1	293	192	101	4.883333333	3.2	1.683333333
2019	7	35	7-2	9.7914	28	68	-0.311	221	Terrestrial	151	31.59	33.38	30.06	23.72	15.38	1.48	9.49	6.8941	2	211	148	63	3.516666667	2.466666667	1.05
2019	7	35	7-2	9.7914	28	68	-0.311	221	Terrestrial	151	31.59	33.38	30.06	23.72	15.38	1.48	9.49	6.8941	3	85	83	2	1.416666667	1.383333333	0.033333333
2019	7	36	7-3	12.7445	30	60	0	227	Terrestrial	151	34.61	35.95	32.45	26.36	15.93	2.58	11.41	9.0281	1	118	116	2	1.966666667	1.933333333	0.033333333
2019	7	36	7-3	12.7445	30	60	0	227	Terrestrial	151	34.61	35.95	32.45	26.36	15.93	2.58	11.41	9.0281	2	357	351	6	5.95	5.85	0.1
2019	7	36	7-3	12.7445	30	60	0	227	Terrestrial	151	34.61	35.95	32.45	26.36	15.93	2.58	11.41	9.0281	3	165	113	52	2.75	1.883333333	0.866666667
2019	7	37	7-4	13.6449	32	54	-1.1348	236	Terrestrial	151	36.16	37.15	33.02	28.07	16.01	2.78	9.99	9.0329	1	357	36	321	5.95	0.6	5.35
2019	7	37	7-4	13.6449	32	54	-1.1348	236	Terrestrial	151	36.16	37.15	33.02	28.07	16.01	2.78	9.99	9.0329	2	144	13	131	2.4	0.216666667	2.183333333
2019	7	37	7-4	13.6449	32	54	-1.1348	236	Terrestrial	151	36.16	37.15	33.02	28.07	16.01	2.78	9.99	9.0329	3	2	1	1	0.033333333	0.016666667	0.016666667
2019	7	38	7-5	13.5954	26	85	-0.2445	204	Aquatic	200	37.13	38.52	35.43	27.79	17.84	3.76	11.72	11.7004	1	238	235	3	3.966666667	3.916666667	0.05
2019	7	38	7-5	13.5954	26	85	-0.2445	204	Aquatic	200	37.13	38.52	35.43	27.79	17.84	3.76	11.72	11.7004	2	205	202	3	3.416666667	3.366666667	0.05
2019	7	38	7-5	13.5954	26	85	-0.2445	204	Aquatic	200	37.13	38.52	35.43	27.79	17.84	3.76	11.72	11.7004	3	80	78	2	1.333333333	1.3	0.033333333
2019	7	39	7-7	10.0275	28	68	0	219	Aquatic	214	37.65	37.97	35.15	27.61	18.29	2.55	10.55	11.2076	1	221	137	84	3.683333333	2.283333333	1.4
2019	7	39	7-7	10.0275	28	68	0	219	Aquatic	214	37.65	37.97	35.15	27.61	18.29	2.55	10.55	11.2076	2	335	331	4	5.583333333	5.516666667	0.066666667
2019	7	39	7-7	10.0275	28	68	0	219	Aquatic	214	37.65	37.97	35.15	27.61	18.29	2.55	10.55	11.2076	3	463	157	306	7.716666667	2.616666667	5.1
2019	7	40	7-8	9.2667	24	105	-0.323	186	Terrestrial	151	30.43	30.9	27.62	21.47	13.73	3.27	10.09	5.9989	1	1150	64	1086	19.16666667	1.066666667	18.1
2019	7	40	7-8	9.2667	24	105	-0.323	186	Terrestrial	151	30.43	30.9	27.62	21.47	13.73	3.27	10.09	5.9989	2	443	85	358	7.383333333	1.416666667	5.966666667
2019	7	40	7-8	9.2667	24	105	-0.323	186	Terrestrial	151	30.43	30.9	27.62	21.47	13.73	3.27	10.09	5.9989	3	52	48	4	0.866666667	0.8	0.066666667
2019	8	41	8-1	13.2592	30	60	-3.9148	245	Aquatic	214	42.76	41.59	39.2	33.12	20.28	2.44	11.94	16.0879	1	619	562	57	10.31666667	9.366666667	0.95
2019	8	41	8-1	13.2592	30	60	-3.9148	245	Aquatic	214	42.76	41.59	39.2	33.12	20.28	2.44	11.94	16.0879	2	960	938	22	16	15.63333333	0.366666667
2019	8	41	8-1	13.2592	30	60	-3.9148	245	Aquatic	214	42.76	41.59	39.2	33.12	20.28	2.44	11.94	16.0879	3	518	371	147	8.633333333	6.183333333	2.45
2019	8	42	8-2	12.7996	28	68	-3.2652	239	Aquatic	214	42.95	43.29	38.62	33.53	20.63	2.98	10.84	16.9936	1	616	479	137	10.26666667	7.983333333	2.283333333
2019	8	42	8-2	12.7996	28	68	-3.2652	239	Aquatic	214	42.95	43.29	38.62	33.53	20.63	2.98	10.84	16.9936	2	151	116	35	2.516666667	1.933333333	0.583333333
2019	8	42	8-2	12.7996	28	68	-3.2652	239	Aquatic	214	42.95	43.29	38.62	33.53	20.63	2.98	10.84	16.9936	3	109	107	2	1.816666667	1.783333333	0.033333333
2019	8	43	8-3	13.246	24	105	-3.0686	219	Terrestrial	151	34.51	36.88	32.14	28.91	16.66	2.49	11.94	7.9505	1	799	783	16	13.31666667	13.05	0.266666667
2019	8	43	8-3	13.246	24	105	-3.0686	219	Terrestrial	151	34.51	36.88	32.14	28.91	16.66	2.49	11.94	7.9505	2	NA	134	NA	NA	2.233333333	NA
2019	8	43	8-3	13.246	24	105	-3.0686	219	Terrestrial	151	34.51	36.88	32.14	28.91	16.66	2.49	11.94	7.9505	3	1193	137	1056	19.88333333	2.283333333	17.6
2019	8	44	8-5	12.2784	26	85	-3.3012	228	Terrestrial	151	36.07	36.33	34.28	28.05	17.19	2.11	11.36	8.916	1	1136	1099	37	18.93333333	18.31666667	0.616666667
2019	8	44	8-5	12.2784	26	85	-3.3012	228	Terrestrial	151	36.07	36.33	34.28	28.05	17.19	2.11	11.36	8.916	2	86	58	28	1.433333333	0.966666667	0.466666667
2019	8	44	8-5	12.2784	26	85	-3.3012	228	Terrestrial	151	36.07	36.33	34.28	28.05	17.19	2.11	11.36	8.916	3	72	42	30	1.2	0.7	0.5
2019	8	45	8-6	12.8259	24	105	-3.1494	220	Aquatic	186	35.87	36.26	34.25	28.68	17.13	3.62	10.76	10.385	1	NA	639	NA	NA	10.65	NA
2019	8	45	8-6	12.8259	24	105	-3.1494	220	Aquatic	186	35.87	36.26	34.25	28.68	17.13	3.62	10.76	10.385	2	NA	NA	NA	NA	NA	NA
2019	8	45	8-6	12.8259	24	105	-3.1494	220	Aquatic	186	35.87	36.26	34.25	28.68	17.13	3.62	10.76	10.385	3	NA	1095	NA	NA	18.25	NA
2019	8	46	8-7	11.0394	28	68	-3.2652	239	Terrestrial	151	33.17	34.68	32.55	27.55	16.2	1.6	10.02	8.4911	1	197	179	18	3.283333333	2.983333333	0.3
2019	8	46	8-7	11.0394	28	68	-3.2652	239	Terrestrial	151	33.17	34.68	32.55	27.55	16.2	1.6	10.02	8.4911	2	531	529	2	8.85	8.816666667	0.033333333
2019	8	46	8-7	11.0394	28	68	-3.2652	239	Terrestrial	151	33.17	34.68	32.55	27.55	16.2	1.6	10.02	8.4911	3	163	102	61	2.716666667	1.7	1.016666667
2019	8	47	8-8	13.1754	26	85	-3.5457	230	Aquatic	214	41.32	41.92	38.12	32.21	20.14	2.79	10.6	15.736	1	572	570	2	9.533333333	9.5	0.033333333
2019	8	47	8-8	13.1754	26	85	-3.5457	230	Aquatic	214	41.32	41.92	38.12	32.21	20.14	2.79	10.6	15.736	2	208	175	33	3.466666667	2.916666667	0.55
2019	8	47	8-8	13.1754	26	85	-3.5457	230	Aquatic	214	41.32	41.92	38.12	32.21	20.14	2.79	10.6	15.736	3	657	321	336	10.95	5.35	5.6
2019	9	48	9-1	12.8039	32	54	-4.1609	237	Terrestrial	151	33.61	35.5	31.66	26.73	16.4	2.38	10.4	9.0308	1	391	249	142	6.516666667	4.15	2.366666667
2019	9	48	9-1	12.8039	32	54	-4.1609	237	Terrestrial	151	33.61	35.5	31.66	26.73	16.4	2.38	10.4	9.0308	2	263	62	201	4.383333333	1.033333333	3.35
2019	9	48	9-1	12.8039	32	54	-4.1609	237	Terrestrial	151	33.61	35.5	31.66	26.73	16.4	2.38	10.4	9.0308	3	1045	1	1044	17.41666667	0.016666667	17.4
2019	9	49	9-2	13.5798	30	60	-3.2967	236	Aquatic	214	42.92	43.34	38.53	31.5	19.69	3.33	12.67	16.2206	1	NA	NA	NA	NA	NA	NA
2019	9	49	9-2	13.5798	30	60	-3.2967	236	Aquatic	214	42.92	43.34	38.53	31.5	19.69	3.33	12.67	16.2206	2	NA	NA	NA	NA	NA	NA
2019	9	49	9-2	13.5798	30	60	-3.2967	236	Aquatic	214	42.92	43.34	38.53	31.5	19.69	3.33	12.67	16.2206	3	NA	NA	NA	NA	NA	NA
2019	9	50	9-3	13.5647	26	85	-2.8121	218	Terrestrial	151	35.99	36.58	33.66	26.85	17.36	3.34	11.8	10.7126	1	NA	1	NA	NA	0.016666667	NA
2019	9	50	9-3	13.5647	26	85	-2.8121	218	Terrestrial	151	35.99	36.58	33.66	26.85	17.36	3.34	11.8	10.7126	2	NA	49	NA	NA	0.816666667	NA
2019	9	50	9-3	13.5647	26	85	-2.8121	218	Terrestrial	151	35.99	36.58	33.66	26.85	17.36	3.34	11.8	10.7126	3	NA	54	NA	NA	0.9	NA
2019	9	51	9-4	14.014	28	68	-2.6433	229	Aquatic	214	47.2	46.96	42.87	34.74	21.47	4.05	11.45	22.6811	1	234	164	70	3.9	2.733333333	1.166666667
2019	9	51	9-4	14.014	28	68	-2.6433	229	Aquatic	214	47.2	46.96	42.87	34.74	21.47	4.05	11.45	22.6811	2	365	362	3	6.083333333	6.033333333	0.05
2019	9	51	9-4	14.014	28	68	-2.6433	229	Aquatic	214	47.2	46.96	42.87	34.74	21.47	4.05	11.45	22.6811	3	335	283	52	5.583333333	4.716666667	0.866666667
2019	9	52	9-5	14.1475	24	105	-2.5034	206	Aquatic	200	35.88	37.11	34.13	27.27	17.71	3.12	10.82	11.2358	1	64	56	8	1.066666667	0.933333333	0.133333333
2019	9	52	9-5	14.1475	24	105	-2.5034	206	Aquatic	200	35.88	37.11	34.13	27.27	17.71	3.12	10.82	11.2358	2	208	49	159	3.466666667	0.816666667	2.65
2019	9	52	9-5	14.1475	24	105	-2.5034	206	Aquatic	200	35.88	37.11	34.13	27.27	17.71	3.12	10.82	11.2358	3	216	62	154	3.6	1.033333333	2.566666667
2019	9	53	9-6	14.114	24	105	-2.6649	208	Terrestrial	151	34.59	37.56	33.44	29	16.37	2.76	11.12	10.361	1	NA	222	NA	NA	3.7	NA
2019	9	53	9-6	14.114	24	105	-2.6649	208	Terrestrial	151	34.59	37.56	33.44	29	16.37	2.76	11.12	10.361	2	NA	120	NA	NA	2	NA
2019	9	53	9-6	14.114	24	105	-2.6649	208	Terrestrial	151	34.59	37.56	33.44	29	16.37	2.76	11.12	10.361	3	NA	74	NA	NA	1.233333333	NA
2019	10	54	10-1	9.1838	28	68	-0.4665	196	Terrestrial	151	30.83	31.85	29.93	23.97	14.85	1.91	11.22	7.1252	1	118	116	2	1.966666667	1.933333333	0.033333333
2019	10	54	10-1	9.1838	28	68	-0.4665	196	Terrestrial	151	30.83	31.85	29.93	23.97	14.85	1.91	11.22	7.1252	2	91	90	1	1.516666667	1.5	0.016666667
2019	10	54	10-1	9.1838	28	68	-0.4665	196	Terrestrial	151	30.83	31.85	29.93	23.97	14.85	1.91	11.22	7.1252	3	89	85	4	1.483333333	1.416666667	0.066666667
2019	10	55	10-2	7.2893	24	105	-0.5653	163	Terrestrial	151	26.72	28.01	25.22	21.72	13.55	2.54	9.48	5.2641	1	458	119	339	7.633333333	1.983333333	5.65
2019	10	55	10-2	7.2893	24	105	-0.5653	163	Terrestrial	151	26.72	28.01	25.22	21.72	13.55	2.54	9.48	5.2641	2	NA	127	NA	NA	2.116666667	NA
2019	10	55	10-2	7.2893	24	105	-0.5653	163	Terrestrial	151	26.72	28.01	25.22	21.72	13.55	2.54	9.48	5.2641	3	NA	137	NA	NA	2.283333333	NA
2019	10	56	10-4	8.7917	26	85	0	176	Terrestrial	151	28.21	27.42	27.46	22.46	15.05	2.56	8.66	5.6138	1	NA	97	NA	NA	1.616666667	NA
2019	10	56	10-4	8.7917	26	85	0	176	Terrestrial	151	28.21	27.42	27.46	22.46	15.05	2.56	8.66	5.6138	2	NA	122	NA	NA	2.033333333	NA
2019	10	56	10-4	8.7917	26	85	0	176	Terrestrial	151	28.21	27.42	27.46	22.46	15.05	2.56	8.66	5.6138	3	NA	169	NA	NA	2.816666667	NA
2019	10	57	10-5	9.3882	30	60	-0.8242	205	Terrestrial	151	31.33	32.82	31.41	24.28	15	2.11	9.94	7.4272	1	88	86	2	1.466666667	1.433333333	0.033333333
2019	10	57	10-5	9.3882	30	60	-0.8242	205	Terrestrial	151	31.33	32.82	31.41	24.28	15	2.11	9.94	7.4272	2	114	109	5	1.9	1.816666667	0.083333333
2019	10	57	10-5	9.3882	30	60	-0.8242	205	Terrestrial	151	31.33	32.82	31.41	24.28	15	2.11	9.94	7.4272	3	96	95	1	1.6	1.583333333	0.016666667
2019	10	58	10-6	9.3173	24	105	-0.4038	161	Aquatic	145	31.01	31.05	29.05	23.36	15.25	3.02	9.42	7.1078	1	86	66	20	1.433333333	1.1	0.333333333
2019	10	58	10-6	9.3173	24	105	-0.4038	161	Aquatic	145	31.01	31.05	29.05	23.36	15.25	3.02	9.42	7.1078	2	103	98	5	1.716666667	1.633333333	0.083333333
2019	10	58	10-6	9.3173	24	105	-0.4038	161	Aquatic	145	31.01	31.05	29.05	23.36	15.25	3.02	9.42	7.1078	3	NA	71	NA	NA	1.183333333	NA
2019	10	59	10-7	9.519	26	85	-0.7336	182	Aquatic	145	31.17	31.92	30.49	24.02	15.05	2.43	10.69	7.0786	1	189	62	127	3.15	1.033333333	2.116666667
2019	10	59	10-7	9.519	26	85	-0.7336	182	Aquatic	145	31.17	31.92	30.49	24.02	15.05	2.43	10.69	7.0786	2	242	237	5	4.033333333	3.95	0.083333333
2019	10	59	10-7	9.519	26	85	-0.7336	182	Aquatic	145	31.17	31.92	30.49	24.02	15.05	2.43	10.69	7.0786	3	175	157	18	2.916666667	2.616666667	0.3
2019	10	60	10-8	10.6964	30	60	-0.8242	205	Aquatic	200	34.06	35.07	33.04	26.99	16.62	1.94	7.75	9.5545	1	369	363	6	6.15	6.05	0.1
2019	10	60	10-8	10.6964	30	60	-0.8242	205	Aquatic	200	34.06	35.07	33.04	26.99	16.62	1.94	7.75	9.5545	2	273	268	5	4.55	4.466666667	0.083333333
2019	10	60	10-8	10.6964	30	60	-0.8242	205	Aquatic	200	34.06	35.07	33.04	26.99	16.62	1.94	7.75	9.5545	3	301	268	33	5.016666667	4.466666667	0.55
2019	10	61	10-9	7.7865	32	54	-1.1348	210	Terrestrial	151	29.18	31.08	28.44	23.13	14.49	2.04	9.97	6.3312	1	NA	NA	NA	NA	NA	NA
2019	10	61	10-9	7.7865	32	54	-1.1348	210	Terrestrial	151	29.18	31.08	28.44	23.13	14.49	2.04	9.97	6.3312	2	70	68	2	1.166666667	1.133333333	0.033333333
2019	10	61	10-9	7.7865	32	54	-1.1348	210	Terrestrial	151	29.18	31.08	28.44	23.13	14.49	2.04	9.97	6.3312	3	92	90	2	1.533333333	1.5	0.033333333
2019	11	62	11-1	9.1186	30	60	-1.2362	207	Aquatic	200	31.76	33.34	30.05	24.73	15.43	2.14	10.29	7.3241	1	848	286	562	14.13333333	4.766666667	9.366666667
2019	11	62	11-1	9.1186	30	60	-1.2362	207	Aquatic	200	31.76	33.34	30.05	24.73	15.43	2.14	10.29	7.3241	2	629	128	501	10.48333333	2.133333333	8.35
2019	11	62	11-1	9.1186	30	60	-1.2362	207	Aquatic	200	31.76	33.34	30.05	24.73	15.43	2.14	10.29	7.3241	3	757	208	549	12.61666667	3.466666667	9.15
2019	11	63	11-2	9.0694	28	68	-0.7774	198	Terrestrial	151	29.8	31.62	28.01	23.43	14.55	2.83	10.09	6.4859	1	169	105	64	2.816666667	1.75	1.066666667
2019	11	63	11-2	9.0694	28	68	-0.7774	198	Terrestrial	151	29.8	31.62	28.01	23.43	14.55	2.83	10.09	6.4859	2	106	67	39	1.766666667	1.116666667	0.65
2019	11	63	11-2	9.0694	28	68	-0.7774	198	Terrestrial	151	29.8	31.62	28.01	23.43	14.55	2.83	10.09	6.4859	3	432	47	385	7.2	0.783333333	6.416666667
2019	11	64	11-3	11.5389	26	85	-0.7336	182	Aquatic	145	32.86	35.54	30.94	26.51	16.37	3.66	11.02	8.6555	1	125	61	64	2.083333333	1.016666667	1.066666667
2019	11	64	11-3	11.5389	26	85	-0.7336	182	Aquatic	145	32.86	35.54	30.94	26.51	16.37	3.66	11.02	8.6555	2	505	97	408	8.416666667	1.616666667	6.8
2019	11	64	11-3	11.5389	26	85	-0.7336	182	Aquatic	145	32.86	35.54	30.94	26.51	16.37	3.66	11.02	8.6555	3	494	129	365	8.233333333	2.15	6.083333333
2019	11	65	11-4	11.5217	32	54	-1.1348	210	Terrestrial	151	31.1	33.3	31.99	26.43	15.3	1.29	9.67	7.2397	1	NA	161	NA	NA	2.683333333	NA
2019	11	65	11-4	11.5217	32	54	-1.1348	210	Terrestrial	151	31.1	33.3	31.99	26.43	15.3	1.29	9.67	7.2397	2	640	76	564	10.66666667	1.266666667	9.4
2019	11	65	11-4	11.5217	32	54	-1.1348	210	Terrestrial	151	31.1	33.3	31.99	26.43	15.3	1.29	9.67	7.2397	3	NA	76	NA	NA	1.266666667	NA
2019	11	66	11-5	9.665	24	105	-0.7268	165	Aquatic	145	30.42	31.14	28.94	22.62	15.13	3.85	10.76	6.6801	1	NA	363	NA	NA	6.05	NA
2019	11	66	11-5	9.665	24	105	-0.7268	165	Aquatic	145	30.42	31.14	28.94	22.62	15.13	3.85	10.76	6.6801	2	NA	236	NA	NA	3.933333333	NA
2019	11	66	11-5	9.665	24	105	-0.7268	165	Aquatic	145	30.42	31.14	28.94	22.62	15.13	3.85	10.76	6.6801	3	NA	191	NA	NA	3.183333333	NA
2019	11	67	11-6	9.2204	32	54	-1.8913	212	Aquatic	200	31.02	32.06	29.37	24.23	15.1	2.55	10.1	7.4884	1	NA	NA	NA	NA	NA	NA
2019	11	67	11-6	9.2204	32	54	-1.8913	212	Aquatic	200	31.02	32.06	29.37	24.23	15.1	2.55	10.1	7.4884	2	1104	729	375	18.4	12.15	6.25
2019	11	67	11-6	9.2204	32	54	-1.8913	212	Aquatic	200	31.02	32.06	29.37	24.23	15.1	2.55	10.1	7.4884	3	888	413	475	14.8	6.883333333	7.916666667
2019	11	68	11-8	11.265	26	85	-0.7336	182	Terrestrial	151	33.5	35.23	31.87	26.91	16.22	1.74	9.84	8.623	1	384	150	234	6.4	2.5	3.9
2019	11	68	11-8	11.265	26	85	-0.7336	182	Terrestrial	151	33.5	35.23	31.87	26.91	16.22	1.74	9.84	8.623	2	NA	248	NA	NA	4.133333333	NA
2019	11	68	11-8	11.265	26	85	-0.7336	182	Terrestrial	151	33.5	35.23	31.87	26.91	16.22	1.74	9.84	8.623	3	NA	486	NA	NA	8.1	NA
2019	11	69	11-9	9.5655	30	60	-1.4423	208	Terrestrial	151	31.43	33.15	30.58	25.09	14.57	2.05	9.67	6.6745	1	NA	220	NA	NA	3.666666667	NA
2019	11	69	11-9	9.5655	30	60	-1.4423	208	Terrestrial	151	31.43	33.15	30.58	25.09	14.57	2.05	9.67	6.6745	2	529	197	332	8.816666667	3.283333333	5.533333333
2019	11	69	11-9	9.5655	30	60	-1.4423	208	Terrestrial	151	31.43	33.15	30.58	25.09	14.57	2.05	9.67	6.6745	3	NA	358	NA	NA	5.966666667	NA
2020	12	70	2-1	8.5549	32	54	-2.2696	245	Aquatic	180	32.25	33.07	31.13	25.69	15.67	2.51	10.74	8.1046	1	262	260	2	4.366666667	4.333333333	0.033333333
2020	12	70	2-1	8.5549	32	54	-2.2696	245	Aquatic	180	32.25	33.07	31.13	25.69	15.67	2.51	10.74	8.1046	2	788	782	6	13.13333333	13.03333333	0.1
2020	12	70	2-1	8.5549	32	54	-2.2696	245	Aquatic	180	32.25	33.07	31.13	25.69	15.67	2.51	10.74	8.1046	3	685	674	11	11.41666667	11.23333333	0.183333333
2020	12	71	2-2	9.2598	28	68	-0.622	229	Aquatic	180	31.91	33.32	31.87	25.2	15.14	2.33	11.24	7.5204	1	216	210	6	3.6	3.5	0.1
2020	12	71	2-2	9.2598	28	68	-0.622	229	Aquatic	180	31.91	33.32	31.87	25.2	15.14	2.33	11.24	7.5204	2	520	513	7	8.666666667	8.55	0.116666667
2020	12	71	2-2	9.2598	28	68	-0.622	229	Aquatic	180	31.91	33.32	31.87	25.2	15.14	2.33	11.24	7.5204	3	447	429	18	7.45	7.15	0.3
2020	12	72	2-3	9.595	24	105	-0.8075	198	Aquatic	180	34.1	35.28	31.5	26.49	15.98	3.41	11.16	7.326	1	716	402	314	11.93333333	6.7	5.233333333
2020	12	72	2-3	9.595	24	105	-0.8075	198	Aquatic	180	34.1	35.28	31.5	26.49	15.98	3.41	11.16	7.326	2	NA	696	NA	NA	11.6	NA
2020	12	72	2-3	9.595	24	105	-0.8075	198	Aquatic	180	34.1	35.28	31.5	26.49	15.98	3.41	11.16	7.326	3	NA	507	NA	NA	8.45	NA
2020	12	73	2-4	10.0107	26	85	-1.1004	217	Aquatic	180	34.35	35.1	30.95	26.02	16.6	3.13	11.22	8.7925	1	NA	141	NA	NA	2.35	NA
2020	12	73	2-4	10.0107	26	85	-1.1004	217	Aquatic	180	34.35	35.1	30.95	26.02	16.6	3.13	11.22	8.7925	2	NA	95	NA	NA	1.583333333	NA
2020	12	73	2-4	10.0107	26	85	-1.1004	217	Aquatic	180	34.35	35.1	30.95	26.02	16.6	3.13	11.22	8.7925	3	NA	87	NA	NA	1.45	NA
2020	12	74	2-5	9.6616	30	60	-1.0302	238	Aquatic	180	42.84	42.3	39.01	33.66	21.63	3.7	11.97	19.2755	1	305	290	15	5.083333333	4.833333333	0.25
2020	12	74	2-5	9.6616	30	60	-1.0302	238	Aquatic	180	42.84	42.3	39.01	33.66	21.63	3.7	11.97	19.2755	2	386	383	3	6.433333333	6.383333333	0.05
2020	12	74	2-5	9.6616	30	60	-1.0302	238	Aquatic	180	42.84	42.3	39.01	33.66	21.63	3.7	11.97	19.2755	3	248	212	36	4.133333333	3.533333333	0.6
2020	12	75	2-6	8.4879	30	60	-0.8242	237	Aquatic	180	33.36	34.51	31.35	27.4	16.75	2.59	9.75	8.7262	1	259	239	20	4.316666667	3.983333333	0.333333333
2020	12	75	2-6	8.4879	30	60	-0.8242	237	Aquatic	180	33.36	34.51	31.35	27.4	16.75	2.59	9.75	8.7262	2	394	390	4	6.566666667	6.5	0.066666667
2020	12	75	2-6	8.4879	30	60	-0.8242	237	Aquatic	180	33.36	34.51	31.35	27.4	16.75	2.59	9.75	8.7262	3	732	715	17	12.2	11.91666667	0.283333333
2020	12	76	2-7	9.7412	28	68	-0.9329	231	Aquatic	180	31.79	32.48	30.36	24.98	15.11	3.3	10.38	7.019	1	NA	566	NA	NA	9.433333333	NA
2020	12	76	2-7	9.7412	28	68	-0.9329	231	Aquatic	180	31.79	32.48	30.36	24.98	15.11	3.3	10.38	7.019	2	530	523	7	8.833333333	8.716666667	0.116666667
2020	12	76	2-7	9.7412	28	68	-0.9329	231	Aquatic	180	31.79	32.48	30.36	24.98	15.11	3.3	10.38	7.019	3	730	246	484	12.16666667	4.1	8.066666667
2020	12	77	2-8	9.9379	26	85	-1.1004	217	Aquatic	180	48.92	46.36	44.32	36.33	22.82	4.86	14.32	24.2724	1	244	140	104	4.066666667	2.333333333	1.733333333
2020	12	77	2-8	9.9379	26	85	-1.1004	217	Aquatic	180	48.92	46.36	44.32	36.33	22.82	4.86	14.32	24.2724	2	353	323	30	5.883333333	5.383333333	0.5
2020	12	77	2-8	9.9379	26	85	-1.1004	217	Aquatic	180	48.92	46.36	44.32	36.33	22.82	4.86	14.32	24.2724	3	212	161	51	3.533333333	2.683333333	0.85
2020	13	78	3-1	13.1803	28	68	-1.0884	211	Aquatic	180	38.23	39.02	34.21	30.1	17.65	2.64	10.95	11.3664	1	212	84	128	3.533333333	1.4	2.133333333
2020	13	78	3-1	13.1803	28	68	-1.0884	211	Aquatic	180	38.23	39.02	34.21	30.1	17.65	2.64	10.95	11.3664	2	222	173	49	3.7	2.883333333	0.816666667
2020	13	78	3-1	13.1803	28	68	-1.0884	211	Aquatic	180	38.23	39.02	34.21	30.1	17.65	2.64	10.95	11.3664	3	82	77	5	1.366666667	1.283333333	0.083333333
2020	13	79	3-2	14.3302	30	60	-1.4423	219	Aquatic	180	49.28	48.89	43.65	37.46	22.61	3.18	12.87	23.7489	1	124	101	23	2.066666667	1.683333333	0.383333333
2020	13	79	3-2	14.3302	30	60	-1.4423	219	Aquatic	180	49.28	48.89	43.65	37.46	22.61	3.18	12.87	23.7489	2	357	311	46	5.95	5.183333333	0.766666667
2020	13	79	3-2	14.3302	30	60	-1.4423	219	Aquatic	180	49.28	48.89	43.65	37.46	22.61	3.18	12.87	23.7489	3	351	136	215	5.85	2.266666667	3.583333333
2020	13	80	3-3	13.9642	32	54	-1.513	222	Aquatic	180	37.7	37.9	35.81	28.98	18.04	2.46	12.46	11.8958	1	116	114	2	1.933333333	1.9	0.033333333
2020	13	80	3-3	13.9642	32	54	-1.513	222	Aquatic	180	37.7	37.9	35.81	28.98	18.04	2.46	12.46	11.8958	2	277	204	73	4.616666667	3.4	1.216666667
2020	13	80	3-3	13.9642	32	54	-1.513	222	Aquatic	180	37.7	37.9	35.81	28.98	18.04	2.46	12.46	11.8958	3	116	86	30	1.933333333	1.433333333	0.5
2020	13	81	3-4	12.2313	26	85	-1.7117	201	Aquatic	180	35.61	37.48	32.88	27.37	16.57	2.83	12.7	9.7409	1	90	82	8	1.5	1.366666667	0.133333333
2020	13	81	3-4	12.2313	26	85	-1.7117	201	Aquatic	180	35.61	37.48	32.88	27.37	16.57	2.83	12.7	9.7409	2	199	125	74	3.316666667	2.083333333	1.233333333
2020	13	81	3-4	12.2313	26	85	-1.7117	201	Aquatic	180	35.61	37.48	32.88	27.37	16.57	2.83	12.7	9.7409	3	112	110	2	1.866666667	1.833333333	0.033333333
2020	13	82	3-5	14.0201	24	105	-1.2113	182	Aquatic	158	39.12	40.75	35.87	29.48	16.66	3.33	12.8	11.5128	1	NA	51	NA	NA	0.85	NA
2020	13	82	3-5	14.0201	24	105	-1.2113	182	Aquatic	158	39.12	40.75	35.87	29.48	16.66	3.33	12.8	11.5128	2	NA	45	NA	NA	0.75	NA
2020	13	82	3-5	14.0201	24	105	-1.2113	182	Aquatic	158	39.12	40.75	35.87	29.48	16.66	3.33	12.8	11.5128	3	NA	10	NA	NA	0.166666667	NA
2020	13	83	3-6	13.161	24	105	-0.8883	178	Aquatic	158	35.39	36.69	32.56	27.72	16.51	3.51	11.92	9.8067	1	539	93	446	8.983333333	1.55	7.433333333
2020	13	83	3-6	13.161	24	105	-0.8883	178	Aquatic	158	35.39	36.69	32.56	27.72	16.51	3.51	11.92	9.8067	2	130	89	41	2.166666667	1.483333333	0.683333333
2020	13	83	3-6	13.161	24	105	-0.8883	178	Aquatic	158	35.39	36.69	32.56	27.72	16.51	3.51	11.92	9.8067	3	75	65	10	1.25	1.083333333	0.166666667
2020	13	84	3-7	12.4154	26	85	-1.834	202	Aquatic	180	34.56	36.64	32.57	28.13	15.99	3.12	9.84	8.8535	1	146	57	89	2.433333333	0.95	1.483333333
2020	13	84	3-7	12.4154	26	85	-1.834	202	Aquatic	180	34.56	36.64	32.57	28.13	15.99	3.12	9.84	8.8535	2	129	25	104	2.15	0.416666667	1.733333333
2020	13	84	3-7	12.4154	26	85	-1.834	202	Aquatic	180	34.56	36.64	32.57	28.13	15.99	3.12	9.84	8.8535	3	10	6	4	0.166666667	0.1	0.066666667
2020	13	85	3-8	13.2131	30	60	-1.4423	219	Aquatic	180	46.84	48.33	41.82	36.61	21.88	3.23	14.08	23.0542	1	227	221	6	3.783333333	3.683333333	0.1
2020	13	85	3-8	13.2131	30	60	-1.4423	219	Aquatic	180	46.84	48.33	41.82	36.61	21.88	3.23	14.08	23.0542	2	124	121	3	2.066666667	2.016666667	0.05
2020	13	85	3-8	13.2131	30	60	-1.4423	219	Aquatic	180	46.84	48.33	41.82	36.61	21.88	3.23	14.08	23.0542	3	110	106	4	1.833333333	1.766666667	0.066666667
2020	14	86	4-1	7.8762	26	85	-0.9781	182	Aquatic	158	29.13	29.88	28.39	21.59	14.49	2.63	10.25	5.5565	1	87	82	5	1.45	1.366666667	0.083333333
2020	14	86	4-1	7.8762	26	85	-0.9781	182	Aquatic	158	29.13	29.88	28.39	21.59	14.49	2.63	10.25	5.5565	2	194	168	26	3.233333333	2.8	0.433333333
2020	14	86	4-1	7.8762	26	85	-0.9781	182	Aquatic	158	29.13	29.88	28.39	21.59	14.49	2.63	10.25	5.5565	3	79	73	6	1.316666667	1.216666667	0.1
2020	14	88	4-5	8.9671	28	68	-0.4665	194	Aquatic	180	40.16	39.8	35.08	30.02	20.19	4.14	12.19	16.0309	1	506	484	22	8.433333333	8.066666667	0.366666667
2020	14	88	4-5	8.9671	28	68	-0.4665	194	Aquatic	180	40.16	39.8	35.08	30.02	20.19	4.14	12.19	16.0309	2	NA	NA	NA	NA	NA	NA
2020	14	88	4-5	8.9671	28	68	-0.4665	194	Aquatic	180	40.16	39.8	35.08	30.02	20.19	4.14	12.19	16.0309	3	221	98	123	3.683333333	1.633333333	2.05
2020	14	89	4-6	8.3461	32	54	-2.6478	212	Aquatic	180	33.77	35.23	31.76	26.28	16.82	3.02	9.79	8.7441	1	597	590	7	9.95	9.833333333	0.116666667
2020	14	89	4-6	8.3461	32	54	-2.6478	212	Aquatic	180	33.77	35.23	31.76	26.28	16.82	3.02	9.79	8.7441	2	529	526	3	8.816666667	8.766666667	0.05
2020	14	89	4-6	8.3461	32	54	-2.6478	212	Aquatic	180	33.77	35.23	31.76	26.28	16.82	3.02	9.79	8.7441	3	641	632	9	10.68333333	10.53333333	0.15
2020	14	90	4-8	8.8797	30	60	-0.8242	203	Aquatic	180	33.62	34.34	31.64	26.88	15.94	3.11	9.26	8.0686	1	246	213	33	4.1	3.55	0.55
2020	14	90	4-8	8.8797	30	60	-0.8242	203	Aquatic	180	33.62	34.34	31.64	26.88	15.94	3.11	9.26	8.0686	2	134	130	4	2.233333333	2.166666667	0.066666667
2020	14	90	4-8	8.8797	30	60	-0.8242	203	Aquatic	180	33.62	34.34	31.64	26.88	15.94	3.11	9.26	8.0686	3	329	323	6	5.483333333	5.383333333	0.1
2020	14	91	4-9	9.1045	26	85	-1.2227	184	Aquatic	180	37.2	37.44	32.64	26.98	17.54	3.19	10.44	10.603	1	449	293	156	7.483333333	4.883333333	2.6
2020	14	91	4-9	9.1045	26	85	-1.2227	184	Aquatic	180	37.2	37.44	32.64	26.98	17.54	3.19	10.44	10.603	2	186	180	6	3.1	3	0.1
2020	14	91	4-9	9.1045	26	85	-1.2227	184	Aquatic	180	37.2	37.44	32.64	26.98	17.54	3.19	10.44	10.603	3	306	188	118	5.1	3.133333333	1.966666667
2020	14	92	4-10	9.3336	28	68	-0.4665	194	Aquatic	180	32.6	32.97	29.75	24.29	15.81	2.47	10.79	7.3184	1	82	61	21	1.366666667	1.016666667	0.35
2020	14	92	4-10	9.3336	28	68	-0.4665	194	Aquatic	180	32.6	32.97	29.75	24.29	15.81	2.47	10.79	7.3184	2	1107	110	997	18.45	1.833333333	16.61666667
2020	14	92	4-10	9.3336	28	68	-0.4665	194	Aquatic	180	32.6	32.97	29.75	24.29	15.81	2.47	10.79	7.3184	3	74	51	23	1.233333333	0.85	0.383333333
