Year	Clutch	HatchlingID	HatchlingNumber	EggMass	IncTemp	MaxIncLength	ScaledDevMaxIncLength	AgeAtTrials	WinterHous	DaysWintHous	SCL1	CW1	PL1	PW1	BD1	NV1	VT1	Mass1	SCL2	CW2	PL2	PW2	BD2	NV2	VT2	Mass2	DaysBwMeas	SCLgrD	CWgrD	PLgrD	PWgrD	MassgrD
2019	1	1	1-1	11.99	32	54	-1.1348	262	Terrestrial	151	33.56	29.82	32.28	23.91	18.83	5.37	9.63	9.6369	34.49	35.47	33.99	28.21	15.79	1.9	9.83	8.1483	258	0.003604651	0.021899225	0.006627907	0.016666667	-0.005769767
2019	1	2	1-3	11.7238	24	105	-0.1615	210	Terrestrial	151	30.65	30.43	29.14	24.33	18.13	2.39	10.89	9.3462	32.94	36.07	30.41	27.92	16.35	3.91	11.35	8.1154	206	0.011116505	0.027378641	0.006165049	0.017427184	-0.005974757
2019	1	3	1-5	11.5511	28	68	-0.1555	246	Aquatic	186	31.47	31.02	30.11	24.2	18.38	2.83	9.33	9.159	42.53	42.59	37.65	31.48	20.49	5.34	11.61	16.7187	244	0.045327869	0.047418033	0.030901639	0.029836066	0.030982377
2019	1	4	1-6	9.8194	30	60	-0.8242	257	Aquatic	214	31.12	25.38	28.77	21.66	17.01	3.58	10.25	7.8711	42.61	43.07	37.09	33.28	20.95	2.02	10.5	17.5311	255	0.045058824	0.069372549	0.032627451	0.045568627	0.037882353
2019	1	5	1-7	11.7527	26	85	-0.3668	231	Aquatic	214	31.21	29.97	29.93	23.44	17.66	2.22	9.63	9.6437	34.14	35.4	32.46	26.81	16.55	2.61	9.6	9.2239	228	0.012850877	0.023815789	0.011096491	0.014780702	-0.001841228
2019	1	6	1-8	10.9147	26	85	-0.6113	233	Terrestrial	151	31.13	31.42	29.03	24.02	17.32	3	10.78	8.5399	32.17	34.55	30.24	26	15.79	2.93	10.24	7.7641	593	0.001753794	0.005278246	0.002040472	0.003338954	-0.001308263
2019	2	7	2-2	12.736	30	60	-0.8242	251	Terrestrial	151	32.57	31.21	30.61	23.77	19.07	3.82	9.03	10.2882	35.27	37.09	32.86	29.06	16.05	2.57	11.78	9.3935	248	0.010887097	0.023709677	0.009072581	0.021330645	-0.003607661
2019	2	8	2-4	12.8106	26	85	-0.6113	227	Terrestrial	151	33.01	28.75	30.97	23.49	17.23	3.12	11.56	10.1203	35.89	36.64	33.3	27.05	16.68	2.69	11.97	9.1322	223	0.012914798	0.035381166	0.01044843	0.015964126	-0.004430942
2019	2	9	2-5	13.7422	28	68	-0.4665	242	Aquatic	214	34.1	34.04	33.6	27.41	17.21	3.05	9.23	10.9317	37.47	38.85	36.64	29.62	16.6	1.51	9.95	10.5871	238	0.014159664	0.020210084	0.012773109	0.009285714	-0.001447899
2019	2	10	2-6	12.1996	24	105	-0.323	206	Aquatic	200	30.74	28.07	29.44	22.6	18.02	2.95	12.12	9.5322	39.25	39.56	34.8	28.52	17.61	4.27	13.51	12.4351	202	0.042128713	0.056881188	0.026534653	0.029306931	0.014370792
2019	3	11	3-1	12.8242	32	54	0	252	Aquatic	214	32.61	30.85	31.27	22.53	18.4	4.64	9.45	9.9562	44.01	43.73	41.37	34.1	22.15	1.91	11.35	20.9503	250	0.0456	0.05152	0.0404	0.04628	0.0439764
2019	3	12	3-2	12.7036	26	85	-0.3668	224	Terrestrial	151	33.07	29.45	31.57	23.33	17.65	2.81	10.33	9.6967	34.93	35.63	32.64	29.95	16.44	3.24	10.9	8.8368	220	0.008454545	0.028090909	0.004863636	0.030090909	-0.003908636
2019	3	13	3-3	13.3475	30	60	0	246	Terrestrial	151	33.55	28.88	31.81	22.83	18.34	2.9	10.85	10.3641	34.61	35.66	33.38	26.64	16.34	2.18	11.04	8.7961	244	0.004344262	0.027786885	0.006434426	0.015614754	-0.00642623
2019	3	14	3-4	12.9516	28	68	-0.1555	239	Aquatic	214	33.84	29.99	32.19	23.89	18.27	2.52	10.9	10.1238	46.26	45.71	40.61	34.15	22.17	3.53	11.86	21.2676	236	0.052627119	0.066610169	0.035677966	0.043474576	0.047219492
2019	3	15	3-5	11.7062	30	60	-0.206	247	Aquatic	214	32.23	30.9	30.14	23.21	17.57	3.56	11.86	9.2463	41.24	41.86	37.8	31.18	20.22	3.79	12.62	16.1722	245	0.03677551	0.044734694	0.031265306	0.032530612	0.02826898
2019	3	16	3-6	13.783	24	105	-0.1615	203	Terrestrial	151	33.91	32.59	30.93	25.88	18.01	2.58	10.93	10.6146	36.41	38.14	33	28.1	16.18	2.63	11.84	10.1794	199	0.012562814	0.027889447	0.01040201	0.011155779	-0.002186935
2019	3	17	3-7	10.3004	28	68	-0.622	242	Terrestrial	151	31.87	30.71	29.86	23.58	16.08	2.35	10.22	8.0064	33.04	32.7	30.79	24.47	14.58	2.1	10.99	6.3699	237	0.004936709	0.008396624	0.003924051	0.003755274	-0.006905063
2019	3	18	3-8	12.1754	32	54	-0.7565	254	Terrestrial	151	32.57	29.77	31.46	23.39	17.55	3.32	10.26	9.3119	34	35.25	32.66	27.65	16.27	1.6	10.92	9.2765	249	0.005742972	0.022008032	0.004819277	0.017108434	-0.000142169
2019	3	19	3-9	11.975	24	105	-0.323	205	Aquatic	200	32.06	32.19	30.51	23.08	17.4	3	11.17	9.1561	34.87	36.48	32.98	26.33	16.51	4.45	11.42	9.6144	202	0.013910891	0.021237624	0.012227723	0.016089109	0.002268812
2019	3	20	3-10	11.6321	26	85	-0.6113	226	Aquatic	214	32.2	29.28	29.47	21.53	16.34	2.94	10.72	8.365	36.71	38.49	32.75	27.69	17.32	2.76	11.15	10.5106	223	0.020224215	0.041300448	0.01470852	0.027623318	0.009621525
2019	4	21	4-1	10.0909	32	54	-1.1348	249	Aquatic	214	30.77	28.61	29.83	21.19	16.5	3.08	8.71	7.5459	38.5	38.7	34.67	29.14	18.05	2.3	9.8	11.6255	246	0.031422764	0.04101626	0.019674797	0.032317073	0.01658374
2019	4	22	4-2	11.0535	30	60	-0.6181	243	Aquatic	214	32.16	29.76	30.84	23.61	16.57	3.1	8.87	8.9123	38.57	38.51	35.02	29.42	17.78	2.66	9.86	11.8188	241	0.02659751	0.036307054	0.017344398	0.024107884	0.012060166
2019	4	23	4-4	10.4226	24	105	-0.0808	196	Terrestrial	151	31.62	28.87	29.06	22.25	17.5	1.88	10.64	8.4991	33.31	32.54	30.77	23.52	15.94	2.19	10.52	7.0714	192	0.008802083	0.019114583	0.00890625	0.006614583	-0.007435938
2019	4	24	4-5	11.0899	28	68	-0.4665	235	Aquatic	214	32.33	32.39	31.37	24.27	16.55	2.66	10.48	8.5702	42.06	42.76	38.95	31.87	20.38	2.61	11.05	15.988	231	0.042121212	0.044891775	0.032813853	0.032900433	0.010735065
2019	4	25	4-6	10.3178	32	54	-1.513	250	Terrestrial	151	30.41	26.86	28.24	20.91	17.65	2.82	8.22	7.8643	31.95	34.74	30.05	26.51	14.55	1.83	9.02	6.6417	246	0.006260163	0.03203252	0.007357724	0.022764228	-0.004969919
2019	4	26	4-7	10.0365	28	68	-0.311	234	Terrestrial	151	31.03	29.94	28.85	23.02	16.57	2.39	10.33	7.7302	32.95	33.4	30.07	24.87	15.23	2.42	10.82	7.458	230	0.008347826	0.015043478	0.005304348	0.008043478	-0.001183478
2019	4	27	4-8	10.7478	24	105	-0.323	199	Aquatic	186	32.5	26.59	29.53	21.56	17.36	2.95	10.97	8.8325	35.21	35.25	31.86	26.26	16.68	4.26	11.94	9.2058	196	0.013826531	0.044183673	0.011887755	0.023979592	0.001904592
2019	4	28	4-9	11.1504	26	85	-0.6113	220	Terrestrial	151	32.29	30.92	30.84	22.81	17.23	2.18	12.2	8.7079	34.2	34.16	32.8	25.38	15.59	2.15	12.96	6.8088	217	0.008801843	0.014930876	0.009032258	0.011843318	-0.008751613
2019	5	29	5-1	7.5087	30	60	-1.0302	241	Terrestrial	151	27.68	27.4	25.27	22.24	15.96	1.8	9.67	6.5127	29.23	31.28	26.37	24.29	13.78	1.83	9.55	6.2289	237	0.006540084	0.016371308	0.00464135	0.008649789	-0.001197468
2019	6	31	6-2	11.757	28	68	-0.7774	224	Terrestrial	151	32.3	27.5	32.37	22.42	17.21	2.87	9.96	9.4269	34.06	36.77	33.96	28.01	16.57	1.9	10.47	7.8832	220	0.008	0.042136364	0.007227273	0.025409091	-0.007016818
2019	6	32	6-4	10.2781	24	105	-0.5653	189	Aquatic	186	30.58	24.42	29.19	21.31	17.28	2.27	9.8	8.0942	33.24	32.56	31.2	23.8	14.97	3.18	9.84	7.8439	186	0.014301075	0.043763441	0.010806452	0.013387097	-0.001345699
2019	6	33	6-5	11.7117	32	54	-2.2696	239	Terrestrial	151	32.42	27.45	31.79	22.6	17.37	2.11	8.72	8.9934	34.36	35.43	32.93	27.3	15.69	1.26	9.86	8.8095	235	0.008255319	0.033957447	0.004851064	0.02	-0.000782553
2019	7	34	7-1	13.6861	24	105	0	182	Aquatic	145	33.98	28.5	31.85	22.52	17.72	2.42	12.08	10.2912	36.47	37.73	34.13	27.26	16.95	3.31	11.5	10.4691	179	0.013910615	0.051564246	0.01273743	0.026480447	0.000993855
2019	7	35	7-2	9.7914	28	68	-0.311	221	Terrestrial	151	30.07	29.16	28.85	19.92	16.36	3.04	9.72	7.4947	31.59	33.38	30.06	23.72	15.38	1.48	9.49	6.8941	217	0.007004608	0.019447005	0.005576037	0.017511521	-0.002767742
2019	7	36	7-3	12.7445	30	60	0	227	Terrestrial	151	32.86	32.37	31.02	24.15	17.68	2.91	11.08	9.993	34.61	35.95	32.45	26.36	15.93	2.58	11.41	9.0281	223	0.007847534	0.016053812	0.006412556	0.009910314	-0.004326906
2019	7	37	7-4	13.6449	32	54	-1.1348	236	Terrestrial	151	34.35	33.7	31.77	26.38	17.87	3.05	10.28	10.791	36.16	37.15	33.02	28.07	16.01	2.78	9.99	9.0329	230	0.007869565	0.015	0.005434783	0.007347826	-0.007643913
2019	7	38	7-5	13.5954	26	85	-0.2445	204	Aquatic	200	33.69	33.81	33.03	25.23	17.55	2.17	12.14	10.8075	37.13	38.52	35.43	27.79	17.84	3.76	11.72	11.7004	200	0.0172	0.02355	0.012	0.0128	0.0044645
2019	7	39	7-7	10.0275	28	68	0	219	Aquatic	214	30.15	28.63	29.92	19.96	17.01	1.98	9.77	7.4597	37.65	37.97	35.15	27.61	18.29	2.55	10.55	11.2076	217	0.034562212	0.043041475	0.024101382	0.035253456	0.017271429
2019	7	40	7-8	9.2667	24	105	-0.323	186	Terrestrial	151	29.4	29.21	26.96	22.02	15.23	3.45	9.38	6.6838	30.43	30.9	27.62	21.47	13.73	3.27	10.09	5.9989	182	0.005659341	0.009285714	0.003626374	-0.003021978	-0.003763187
2019	8	41	8-1	13.2592	30	60	-3.9148	245	Aquatic	214	33.23	32.11	32.43	26.72	18.14	2.6	9.92	10.0483	42.76	41.59	39.2	33.12	20.28	2.44	11.94	16.0879	243	0.039218107	0.039012346	0.027860082	0.026337449	0.024854321
2019	8	42	8-2	12.7996	28	68	-3.2652	239	Aquatic	214	33.24	33.35	31.98	25.78	18.46	2.97	9.74	10.0094	42.95	43.29	38.62	33.53	20.63	2.98	10.84	16.9936	237	0.040970464	0.041940928	0.028016878	0.032700422	0.029469198
2019	8	43	8-3	13.246	24	105	-3.0686	219	Terrestrial	151	32.48	30.12	29.97	24.06	18.9	1.62	11.15	9.7835	34.51	36.88	32.14	28.91	16.66	2.49	11.94	7.9505	214	0.009485981	0.031588785	0.010140187	0.022663551	-0.008565421
2019	8	44	8-5	12.2784	26	85	-3.3012	228	Terrestrial	151	33.85	33.36	32.99	26.34	17.28	2.14	10.78	9.8006	36.07	36.33	34.28	28.05	17.19	2.11	11.36	8.916	222	0.01	0.013378378	0.005810811	0.007702703	-0.003984685
2019	8	45	8-6	12.8259	24	105	-3.1494	220	Aquatic	186	32.38	31.08	31.67	24.01	18.91	2.2	10.15	10.1695	35.87	36.26	34.25	28.68	17.13	3.62	10.76	10.385	217	0.016082949	0.023870968	0.011889401	0.021520737	0.000993088
2019	8	46	8-7	11.0394	28	68	-3.2652	239	Terrestrial	151	31.53	30.81	30.65	24.47	17.75	1.88	9.44	8.5191	33.17	34.68	32.55	27.55	16.2	1.6	10.02	8.4911	235	0.006978723	0.016468085	0.008085106	0.013106383	-0.000119149
2019	8	47	8-8	13.1754	26	85	-3.5457	230	Aquatic	214	32.7	31.94	32.07	24.69	18.79	2.25	10.51	10.4614	41.32	41.92	38.12	32.21	20.14	2.79	10.6	15.736	228	0.037807018	0.04377193	0.026535088	0.032982456	0.023134211
2019	9	48	9-1	12.8039	32	54	-4.1609	237	Terrestrial	151	31.78	29.41	29.55	23.45	18.68	2.09	8.95	10.0159	33.61	35.5	31.66	26.73	16.4	2.38	10.4	9.0308	234	0.007820513	0.026025641	0.009017094	0.014017094	-0.004209829
2019	9	49	9-2	13.5798	30	60	-3.2967	236	Aquatic	214	34.77	34.11	33.12	24.58	18.39	2.09	12.07	10.6197	42.92	43.34	38.53	31.5	19.69	3.33	12.67	16.2206	231	0.035281385	0.03995671	0.023419913	0.02995671	0.02424632
2019	9	50	9-3	13.5647	26	85	-2.8121	218	Terrestrial	151	33.41	31.14	31.5	23.68	18.4	2.64	11.32	10.8517	35.99	36.58	33.66	26.85	17.36	3.34	11.8	10.7126	215	0.012	0.025302326	0.010046512	0.014744186	-0.000646977
2019	9	51	9-4	14.014	28	68	-2.6433	229	Aquatic	214	34.5	33.44	33.42	25.1	18.45	3	11.08	10.9987	47.2	46.96	42.87	34.74	21.47	4.05	11.45	22.6811	224	0.056696429	0.060357143	0.0421875	0.043035714	0.052153571
2019	9	52	9-5	14.1475	24	105	-2.5034	206	Aquatic	200	32.75	33.47	31.73	24.18	17.85	2.8	9.63	10.6487	35.88	37.11	34.13	27.27	17.71	3.12	10.82	11.2358	202	0.01549505	0.018019802	0.011881188	0.01529703	0.002906436
2019	9	53	9-6	14.114	24	105	-2.6649	208	Terrestrial	151	31.88	29.53	30.65	23.71	17.49	2.39	10.33	10.5905	34.59	37.56	33.44	29	16.37	2.76	11.12	10.361	204	0.013284314	0.039362745	0.013676471	0.025931373	-0.001125
2019	10	54	10-1	9.1838	28	68	-0.4665	196	Terrestrial	151	29.06	28.43	29.12	21.7	16.47	2.06	10.79	7.3938	30.83	31.85	29.93	23.97	14.85	1.91	11.22	7.1252	192	0.00921875	0.0178125	0.00421875	0.011822917	-0.001398958
2019	10	55	10-2	7.2893	24	105	-0.5653	163	Terrestrial	151	25.85	26.82	24.24	21.27	15.46	2.58	9.24	5.5165	26.72	28.01	25.22	21.72	13.55	2.54	9.48	5.2641	158	0.005506329	0.007531646	0.006202532	0.002848101	-0.001597468
2019	10	56	10-4	8.7917	26	85	0	176	Terrestrial	151	27.29	24.6	25.88	20.81	17.26	3.03	8.58	7.0064	28.21	27.42	27.46	22.46	15.05	2.56	8.66	5.6138	172	0.005348837	0.016395349	0.009186047	0.009593023	-0.008096512
2019	10	57	10-5	9.3882	30	60	-0.8242	205	Terrestrial	151	29.41	28.56	29.56	21.18	16.59	2.19	9.52	7.8688	31.33	32.82	31.41	24.28	15	2.11	9.94	7.4272	201	0.009552239	0.02119403	0.00920398	0.015422886	-0.002197015
2019	10	58	10-6	9.3173	24	105	-0.4038	161	Aquatic	145	29.49	26.56	27.31	21.12	17.61	3.34	9.34	7.829	31.01	31.05	29.05	23.36	15.25	3.02	9.42	7.1078	159	0.009559748	0.028238994	0.010943396	0.01408805	-0.004535849
2019	10	59	10-7	9.519	26	85	-0.7336	182	Aquatic	145	29.2	27.55	28.9	21.47	17.09	2.47	11.1	7.6814	31.17	31.92	30.49	24.02	15.05	2.43	10.69	7.0786	179	0.011005587	0.024413408	0.008882682	0.01424581	-0.003367598
2019	10	60	10-8	10.6964	30	60	-0.8242	205	Aquatic	200	30.23	30.61	30.15	23.75	16.97	2.22	8.4	9.0656	34.06	35.07	33.04	26.99	16.62	1.94	7.75	9.5545	202	0.018960396	0.022079208	0.014306931	0.016039604	0.002420297
2019	10	61	10-9	7.7865	32	54	-1.1348	210	Terrestrial	151	27.24	28.06	27.08	22.2	15.68	2.24	9.79	6.5143	29.18	31.08	28.44	23.13	14.49	2.04	9.97	6.3312	205	0.009463415	0.014731707	0.006634146	0.004536585	-0.000893171
2019	11	62	11-1	9.1186	30	60	-1.2362	207	Aquatic	200	29.7	28.66	27.41	21.58	16.89	1.91	9.98	7.5834	31.76	33.34	30.05	24.73	15.43	2.14	10.29	7.3241	204	0.010098039	0.022941176	0.012941176	0.015441176	-0.001271078
2019	11	63	11-2	9.0694	28	68	-0.7774	198	Terrestrial	151	28.9	29.79	27.04	22.4	16.55	1.94	9.22	7.3199	29.8	31.62	28.01	23.43	14.55	2.83	10.09	6.4859	194	0.004639175	0.00943299	0.005	0.005309278	-0.004298969
2019	11	64	11-3	11.5389	26	85	-0.7336	182	Aquatic	145	31.57	33.68	29.87	25.85	17.46	4.17	10.91	9.2413	32.86	35.54	30.94	26.51	16.37	3.66	11.02	8.6555	174	0.007413793	0.010689655	0.006149425	0.003793103	-0.003366667
2019	11	65	11-4	11.5217	32	54	-1.1348	210	Terrestrial	151	29.49	29.72	29.82	22.95	17.76	2.49	9.51	8.9864	31.1	33.3	31.99	26.43	15.3	1.29	9.67	7.2397	206	0.007815534	0.017378641	0.010533981	0.016893204	-0.008479126
2019	11	66	11-5	9.665	24	105	-0.7268	165	Aquatic	145	28.95	28.8	27.88	22.07	16.58	4.63	10.76	7.5177	30.42	31.14	28.94	22.62	15.13	3.85	10.76	6.6801	161	0.009130435	0.014534161	0.006583851	0.003416149	-0.005202484
2019	11	67	11-6	9.2204	32	54	-1.8913	212	Aquatic	200	28.32	28.41	27.26	21.15	16.69	2.92	9.33	7.4809	31.02	32.06	29.37	24.23	15.1	2.55	10.1	7.4884	207	0.013043478	0.01763285	0.010193237	0.014879227	3.62319e-05
2019	11	68	11-8	11.265	26	85	-0.7336	182	Terrestrial	151	32.12	33.03	30.78	25.11	17.1	2.51	9.88	9.1385	33.5	35.23	31.87	26.91	16.22	1.74	9.84	8.623	173	0.007976879	0.012716763	0.006300578	0.010404624	-0.002979769
2019	11	69	11-9	9.5655	30	60	-1.4423	208	Terrestrial	151	29.16	29.15	28.72	22.63	16.13	2.25	8.97	7.9325	31.43	33.15	30.58	25.09	14.57	2.05	9.67	6.6745	203	0.011182266	0.019704433	0.009162562	0.012118227	-0.006197044
2020	12	70	2-1	8.5549	32	54	-2.2696	245	Aquatic	180	29.22	27.21	28.57	22.06	17.15	3.61	9.92	6.9336	32.25	33.07	31.13	25.69	15.67	2.51	10.74	8.1046	243	0.012469136	0.024115226	0.010534979	0.014938272	0.00481893
2020	12	71	2-2	9.2598	28	68	-0.622	229	Aquatic	180	29.97	30.02	30.18	23.35	15.96	2.72	11.99	8.1334	31.91	33.32	31.87	25.2	15.14	2.33	11.24	7.5204	226	0.008584071	0.01460177	0.007477876	0.008185841	-0.002712389
2020	12	72	2-3	9.595	24	105	-0.8075	198	Aquatic	180	30.87	27.62	29.28	22.02	17.27	2.09	10.99	8.1097	34.1	35.28	31.5	26.49	15.98	3.41	11.16	7.326	195	0.016564103	0.039282051	0.011384615	0.022923077	-0.004018974
2020	12	73	2-4	10.0107	26	85	-1.1004	217	Aquatic	180	31.03	30	29.02	23.33	16.36	3.32	11.04	8.2587	34.35	35.1	30.95	26.02	16.6	3.13	11.22	8.7925	215	0.01544186	0.02372093	0.008976744	0.012511628	0.002482791
2020	12	74	2-5	9.6616	30	60	-1.0302	238	Aquatic	180	30.66	27.27	29.17	22.5	17.39	3.04	9.11	8.3361	42.84	42.3	39.01	33.66	21.63	3.7	11.97	19.2755	236	0.051610169	0.063686441	0.041694915	0.047288136	0.04635339
2020	12	75	2-6	8.4879	30	60	-0.8242	237	Aquatic	180	28.93	27.54	27.47	22.69	16.75	3.83	9.75	7.1833	33.36	34.51	31.35	27.4	16.75	2.59	9.75	8.7262	235	0.018851064	0.029659574	0.016510638	0.020042553	0.006565532
2020	12	76	2-7	9.7412	28	68	-0.9329	231	Aquatic	180	31.23	30.63	29.66	24.48	15.97	3.08	10.97	7.9951	31.79	32.48	30.36	24.98	15.11	3.3	10.38	7.019	227	0.00246696	0.00814978	0.0030837	0.002202643	-0.0043
2020	12	77	2-8	9.9379	26	85	-1.1004	217	Aquatic	180	31.92	29.82	29.61	23.7	16.82	3.24	10.83	8.5489	48.92	46.36	44.32	36.33	22.82	4.86	14.32	24.2724	214	0.079439252	0.07728972	0.068738318	0.059018692	0.073474299
2020	13	78	3-1	13.1803	28	68	-1.0884	211	Aquatic	180	32.79	31.23	30.69	24.86	17.08	3.06	12.01	9.6785	38.23	39.02	34.21	30.1	17.65	2.64	10.95	11.3664	209	0.026028708	0.037272727	0.016842105	0.02507177	0.008076077
2020	13	79	3-2	14.3302	30	60	-1.4423	219	Aquatic	180	34.69	32.85	31.87	25.57	18.79	2.5	10.6	11.145	49.28	48.89	43.65	37.46	22.61	3.18	12.87	23.7489	217	0.067235023	0.073917051	0.054285714	0.054792627	0.058082488
2020	13	80	3-3	13.9642	32	54	-1.513	222	Aquatic	180	34.85	33.04	33.78	26.59	18.87	3.14	11.1	10.9911	37.7	37.9	35.81	28.98	18.04	2.46	12.46	11.8958	220	0.012954545	0.022090909	0.009227273	0.010863636	0.004112273
2020	13	81	3-4	12.2313	26	85	-1.7117	201	Aquatic	180	31.64	28.51	30.32	22.65	17.73	2.64	13.1	9.408	35.61	37.48	32.88	27.37	16.57	2.83	12.7	9.7409	199	0.019949749	0.045075377	0.012864322	0.023718593	0.001672864
2020	13	82	3-5	14.0201	24	105	-1.2113	182	Aquatic	158	34.41	29.4	32.63	24.05	18.82	3.45	12.94	10.928	39.12	40.75	35.87	29.48	16.66	3.33	12.8	11.5128	179	0.026312849	0.063407821	0.018100559	0.030335196	0.003267039
2020	13	83	3-6	13.161	24	105	-0.8883	178	Aquatic	158	32.65	32.77	30.52	26.61	17.04	4.04	11.59	9.7644	35.39	36.69	32.56	27.72	16.51	3.51	11.92	9.8067	176	0.015568182	0.022272727	0.011590909	0.006306818	0.000240341
2020	13	84	3-7	12.4154	26	85	-1.834	202	Aquatic	180	32.26	31.66	29.89	24.51	17.37	2.69	10.31	9.1899	34.56	36.64	32.57	28.13	15.99	3.12	9.84	8.8535	200	0.0115	0.0249	0.0134	0.0181	-0.001682
2020	13	85	3-8	13.2131	30	60	-1.4423	219	Aquatic	180	31.74	32.05	29.59	25.1	16.59	2.95	11.46	9.1628	46.84	48.33	41.82	36.61	21.88	3.23	14.08	23.0542	216	0.069907407	0.07537037	0.05662037	0.053287037	0.064312037
2020	14	86	4-1	7.8762	26	85	-0.9781	182	Aquatic	158	28.21	27.19	27.07	20.35	15.42	2.56	10.19	5.9618	29.13	29.88	28.39	21.59	14.49	2.63	10.25	5.5565	179	0.005139665	0.015027933	0.007374302	0.006927374	-0.002264246
2020	14	88	4-5	8.9671	28	68	-0.4665	194	Aquatic	180	29.98	25.92	27.84	21.03	17.74	2.8	10.83	7.7897	40.16	39.8	35.08	30.02	20.19	4.14	12.19	16.0309	193	0.052746114	0.071917098	0.037512953	0.046580311	0.042700518
2020	14	89	4-6	8.3461	32	54	-2.6478	212	Aquatic	180	28.3	27.1	27.63	21.2	16.69	2.4	9.13	6.4793	33.77	35.23	31.76	26.28	16.82	3.02	9.79	8.7441	210	0.026047619	0.038714286	0.019666667	0.024190476	0.010784762
2020	14	90	4-8	8.8797	30	60	-0.8242	203	Aquatic	180	30.12	29.31	28.48	22.55	15.92	2.46	10.01	7.3641	33.62	34.34	31.64	26.88	15.94	3.11	9.26	8.0686	201	0.017412935	0.025024876	0.015721393	0.021542289	0.003504975
2020	14	91	4-9	9.1045	26	85	-1.2227	184	Aquatic	180	30.13	29.24	28.35	22.91	17.57	3.63	10.72	7.8518	37.2	37.44	32.64	26.98	17.54	3.19	10.44	10.603	182	0.038846154	0.045054945	0.023571429	0.022362637	0.015116484
2020	14	92	4-10	9.3336	28	68	-0.4665	194	Aquatic	180	30.67	26.37	28.25	20.91	17.88	2.55	10.95	7.6353	32.6	32.97	29.75	24.29	15.81	2.47	10.79	7.3184	192	0.010052083	0.034375	0.0078125	0.017604167	-0.001650521
